33615
76335
20881
59724
79242
146
42316
63396
36909
73406
41018
35532
41483
48818
33245
51641
49973
72941
62660
70455
36176
15601
52922
82955
6665
84262
9633
81193
73615
97910
55457
89726
63692
21595
2028
12757
78059
428
63809
79568
19650
5459
71669
19353
65334
90376
21042
26312
3082
39797
87990
20396
53503
78473
69415
9652
24012
94166
24902
15926
62077
11595
98910
83641
10197
85541
81009
60820
85431
56769
89931
71909
91785
5412
64802
5719
12117
21897
71220
32630
51494
5793
4770
16373
58556
5997
69171
95308
678
36802
74334
16022
14092
62627
28641
58890
87871
97608
84039
30188
1376
9580
75390
1381
99077
56127
38586
19388
11577
41911
27100
38071
93735
60562
79400
79845
84182
10005
36273
15872
50782
98164
91508
39423
59854
67203
91664
48112
90677
45093
8220
74692
3916
56865
80703
28676
64036
82640
76390
70652
92041
39482
90462
20480
63715
62120
40149
48731
26562
16610
87837
4960
8707
68231
39620
27938
16374
55119
46665
3285
72867
55228
87195
41816
14177
35014
39478
2829
79034
69934
70517
60774
99025
70267
6768
16016
35769
81784
94323
25718
76472
88393
19423
65451
91852
17175
29097
52818
62155
71822
14512
52961
50202
2816
18428
25176
24186
55317
88132
85832
62157
92149
16085
71150
61911
95217
93931
8011
99915
47810
33754
80548
8857
60229
30586
49865
62437
35719
60282
36753
83929
25332
87957
20160
63850
26705
23077
4835
83149
8653
43847
73071
70382
65177
76714
66465
48786
60837
44150
2331
46257
45750
81421
95751
59046
86279
70889
88218
60541
38174
84364
45410
14450
37994
20013
6735
77123
19707
17895
56410
42817
56609
14758
19525
29626
79994
17633
29525
77593
97064
39716
77559
87514
49024
93441
61596
36887
47938
98009
26599
29422
57870
74912
51472
40282
68142
85258
80563
91324
57204
93461
73161
3962
13450
91752
38657
78343
66320
99278
83589
72696
6249
21451
14864
98021
74727
21558
25756
17846
60691
92409
36731
83935
62176
95597
99170
82901
41646
48342
10386
25867
37499
1432
50908
52234
1929
101
50568
7729
95091
8277
43991
68578
73384
73679
19048
22119
68773
73853
18281
48723
81253
34826
77301
7923
93054
596
83262
66692
93099
48025
91548
60423
96847
25071
85210
10092
75465
57453
23353
36105
90480
38898
74997
65644
24919
70790
3908
48175
48233
56529
66801
93711
36906
84265
44254
35797
45479
59130
26640
31631
98390
13612
72271
14906
81924
20609
13486
4284
79765
7137
61565
78559
88656
37638
35747
59472
59971
9062
56689
97032
23472
6998
89965
45051
12403
50785
46865
54400
87406
99656
93370
24745
10043
24105
5119
24668
20796
77610
21445
23766
41051
49972
68092
47467
59471
81916
23058
795
12711
22053
93521
79817
96355
47267
90460
52756
43090
3401
98986
31182
6083
77685
98353
40073
26433
51073
24700
79264
57991
9106
9479
28864
38789
21833
32639
25874
4396
9059
84057
39435
63319
54417
62802
44016
92644
37347
96609
79860
77681
3676
67175
77075
80535
14664
60875
28078
65082
16895
24274
22585
94976
38842
96107
72885
85993
47735
63132
56058
12783
95051
8342
3273
36188
39247
40911
58661
22340
4931
18761
51218
18196
52691
22485
8388
61806
52051
79795
78124
6784
24177
27064
25880
66919
34848
12870
52608
9093
58700
8249
58829
54982
32520
89440
23247
82245
92874
75905
66912
34572
21190
15814
10575
53898
87117
78229
1132
22035
5735
95364
59670
88985
80205
67739
89046
68505
99673
52767
17433
11050
64514
67425
80434
96376
65269
12893
68833
15130
7875
36171
66007
83215
13702
11837
53860
43067
83263
85066
76726
35406
63981
78901
73175
13210
67368
36341
84662
11130
457
4120
33574
9330
20888
38444
35612
97121
25861
44750
53752
50711
54928
91414
32022
38881
30666
79774
50618
34155
57576
42667
41691
87466
49688
30201
2863
52693
21258
33967
47048
90970
6253
25946
78787
10693
17358
78710
85671
39137
22964
33223
47166
44647
96471
77551
2000
56794
1776
63683
44182
17895
8214
11686
74904
59085
34720
64432
46256
26317
26633
451
47948
26159
8641
45928
55563
85828
9974
8852
97867
26373
51293
39156
2159
87411
6409
18839
20247
91002
90957
5623
33761
77104
81075
21447
53635
84121
11749
62921
85101
94076
50292
1975
73159
57119
23934
14224
12023
25539
35834
61377
19169
46736
83955
7142
18441
37247
9811
75176
39171
35660
59489
29760
70446
89328
47271
83947
93807
6673
58588
87901
93072
69648
43334
44319
90765
68863
94538
8288
5422
82078
49969
13937
56089
38224
18043
97159
74818
99525
91241
68691
84512
11534
24407
97462
81634
3148
84756
74951
75790
43054
31231
4679
89833
1781
81312
83037
92894
46970
94505
90158
38863
8140
1220
89020
31076
29325
53624
85121
49337
88533
6701
56323
99274
87637
96398
77412
84739
41592
94932
70101
92061
37792
4318
43358
88085
89306
83145
60993
99821
53412
33598
13955
20626
36234
80529
23693
2977
75273
58835
89932
80567
90597
93781
93967
58583
24404
23595
60353
95520
4292
72794
50609
65314
56935
91082
53671
1448
89766
34836
85397
47086
65284
2163
89499
58863
79010
96203
89154
49739
14663
48563
81479
7849
98413
71447
19821
11258
67146
30235
77006
27941
88069
58410
62507
32650
64587
16403
29887
88010
57893
64298
69758
27176
92872
87241
91795
59557
54389
40009
50797
15327
12737
20561
55882
60062
6072
32801
10310
48890
81492
77368
42335
53706
20196
41734
36520
28693
53188
89520
4982
34592
41854
32941
66765
99512
80720
58299
45956
35180
87594
36950
38427
68272
33478
41512
69166
58201
62174
91733
82080
79150
54660
88135
50971
43990
4593
32007
87207
1423
97391
81556
12420
47760
37171
18348
26231
66423
71533
63532
5188
65383
80181
6062
59260
58273
85128
17510
45347
62294
70677
64632
13497
73700
18500
35945
8909
8921
34557
1515
87948
45166
64840
33197
27772
33674
18624
30080
40609
83150
46176
61524
82892
44527
48353
72050
97373
93477
16199
97090
35462
53864
77428
48614
16266
97113
77155
86451
47263
75498
74278
7944
59842
93795
66576
54611
86083
50273
32734
18982
43289
76148
10246
78719
92126
21829
77315
60535
80372
91761
64173
93880
42572
90283
59492
588
76528
65726
61796
46419
16329
71936
87210
21893
24647
15729
69875
40663
76513
54339
7857
63983
50658
87313
89766
89610
27213
73619
93952
98899
63757
